Date,Open,High,Low,Close
18/09/2018 13:30:00,2905,8,2907,81,2905,43,2905,5
18/09/2018 14:00:00,2905,46,2908,11,2904,3,2907,83
18/09/2018 14:30:00,2907,84,2910,34,2907,31,2909,73
18/09/2018 15:00:00,2909,72,2911,17,2908,02,2908,37
18/09/2018 15:30:00,2908,36,2909,82,2907,38,2908,56
18/09/2018 16:00:00,2908,55,2908,61,2904,15,2904,81
19/09/2018 10:00:00,2906,6,2910,69,2905,88,2907,75
19/09/2018 10:30:00,2907,72,2910,4,2903,82,2905,92
19/09/2018 11:00:00,2905,94,2908,55,2905,7,2906,36
19/09/2018 11:30:00,2906,37,2912,36,2905,66,2909
19/09/2018 12:00:00,2908,95,2910,72,2907,93,2910,39
19/09/2018 12:30:00,2910,41,2911,26,2908,26,2909,05
19/09/2018 13:00:00,2909,04,2909,61,2906,13,2909,6
19/09/2018 13:30:00,2909,56,2909,6,2906,55,2906,79
19/09/2018 14:00:00,2906,77,2908,71,2906,51,2908,21
19/09/2018 14:30:00,2908,19,2909,29,2907,13,2908,2
19/09/2018 15:00:00,2908,19,2908,35,2906,59,2906,64
19/09/2018 15:30:00,2906,65,2908,93,2906,17,2908,17
19/09/2018 16:00:00,2908,18,2910,17,2907,98,2908,13
20/09/2018 10:00:00,2919,73,2925,57,2919,73,2922,48
20/09/2018 10:30:00,2922,6,2927,3,2922,6,2923,4
20/09/2018 11:00:00,2923,38,2926,92,2922,55,2925,01
20/09/2018 11:30:00,2925,2927,79,2924,92,2927,72
20/09/2018 12:00:00,2927,7,2930,26,2927,5,2930,26
20/09/2018 12:30:00,2930,27,2930,4,2928,79,2929,71
20/09/2018 13:00:00,2929,74,2931,44,2928,88,2931,2
20/09/2018 13:30:00,2931,17,2932,6,2929,6,2929,63
20/09/2018 14:00:00,2929,61,2930,71,2929,11,2930,39
20/09/2018 14:30:00,2930,38,2931,48,2930,11,2931,14
20/09/2018 15:00:00,2931,15,2932,73,2929,53,2932,17
20/09/2018 15:30:00,2932,15,2934,8,2931,93,2933,2
20/09/2018 16:00:00,2933,21,2933,22,2930,12,2931,21
21/09/2018 10:00:00,2936,76,2940,91,2936,57,2937,57
21/09/2018 10:30:00,2937,56,2939,18,2934,1,2934,45
21/09/2018 11:00:00,2934,49,2935,92,2933,35,2934,31
21/09/2018 11:30:00,2934,3,2935,96,2932,7,2935,85
21/09/2018 12:00:00,2935,9,2937,45,2934,82,2937,05
21/09/2018 12:30:00,2937,06,2938,4,2935,49,2935,72
21/09/2018 13:00:00,2935,71,2936,08,2933,73,2934,78
21/09/2018 13:30:00,2934,79,2935,25,2933,62,2934,02
21/09/2018 14:00:00,2934,2934,33,2932,06,2934,31
21/09/2018 14:30:00,2934,32,2934,37,2930,99,2933,08
21/09/2018 15:00:00,2933,09,2933,83,2930,27,2930,57
21/09/2018 15:30:00,2930,58,2932,46,2930,37,2930,56
21/09/2018 16:00:00,2930,54,2931,32,2927,11,2929,31
24/09/2018 10:00:00,2921,83,2923,79,2917,65,2921,93
24/09/2018 10:30:00,2921,98,2922,2916,01,2917,08
24/09/2018 11:00:00,2917,06,2919,06,2912,63,2916,93
24/09/2018 11:30:00,2917,1,2920,77,2914,12,2919,06
24/09/2018 12:00:00,2919,08,2919,94,2916,78,2917,02
24/09/2018 12:30:00,2917,09,2917,95,2915,33,2915,96
24/09/2018 13:00:00,2915,98,2917,6,2914,38,2915,09
24/09/2018 13:30:00,2915,08,2917,33,2914,3,2915,57
24/09/2018 14:00:00,2915,58,2919,38,2915,58,2918,89
24/09/2018 14:30:00,2918,88,2920,64,2918,03,2918,87
24/09/2018 15:00:00,2918,86,2920,42,2918,29,2919,08
24/09/2018 15:30:00,2919,09,2921,35,2918,6,2920,08
24/09/2018 16:00:00,2920,1,2920,71,2918,88,2919,53
25/09/2018 10:00:00,2921,75,2923,95,2920,4,2920,72
25/09/2018 10:30:00,2920,76,2922,29,2919,2920,16
25/09/2018 11:00:00,2920,24,2921,74,2916,94,2916,94
25/09/2018 11:30:00,2916,97,2922,29,2915,44,2922,25
25/09/2018 12:00:00,2922,27,2923,05,2921,5,2921,65
25/09/2018 12:30:00,2921,67,2923,12,2921,67,2922,13
25/09/2018 13:00:00,2922,12,2922,2,2919,42,2920,03
25/09/2018 13:30:00,2920,02,2920,05,2917,78,2918,2
25/09/2018 14:00:00,2918,19,2918,19,2913,7,2916,61
25/09/2018 14:30:00,2916,57,2918,14,2915,79,2917,69
25/09/2018 15:00:00,2917,68,2917,68,2914,7,2916,44
25/09/2018 15:30:00,2916,43,2917,51,2915,34,2917,41
25/09/2018 16:00:00,2917,42,2918,43,2913,78,2915,7
26/09/2018 10:00:00,2916,98,2921,62,2916,78,2919,46
26/09/2018 10:30:00,2919,78,2920,5,2915,53,2918,51
26/09/2018 11:00:00,2918,5,2922,28,2918,33,2921,96
26/09/2018 11:30:00,2921,94,2923,78,2921,93,2923,72
26/09/2018 12:00:00,2923,75,2924,04,2922,19,2922,71
26/09/2018 12:30:00,2922,72,2923,16,2921,55,2923,12
26/09/2018 13:00:00,2923,11,2925,07,2922,82,2924,92
26/09/2018 13:30:00,2924,93,2925,29,2924,01,2924,04
26/09/2018 14:00:00,2924,05,2924,14,2922,4,2922,8
26/09/2018 14:30:00,2922,76,2931,15,2922,31,2928,04
26/09/2018 15:00:00,2928,03,2928,99,2921,6,2922,76
26/09/2018 15:30:00,2922,77,2924,42,2918,87,2922,11
26/09/2018 16:00:00,2922,12,2922,12,2903,28,2906,54
27/09/2018 10:00:00,2911,65,2915,85,2909,27,2914,55
27/09/2018 10:30:00,2914,45,2920,63,2914,39,2920,25
27/09/2018 11:00:00,2920,26,2923,26,2919,39,2922,04
27/09/2018 11:30:00,2922,13,2923,92,2920,7,2921,81
27/09/2018 12:00:00,2921,76,2924,84,2920,4,2924,84
27/09/2018 12:30:00,2924,83,2926,45,2924,16,2926,22
27/09/2018 13:00:00,2926,23,2927,22,2925,18,2925,87
27/09/2018 13:30:00,2925,88,2925,88,2922,17,2923,3
27/09/2018 14:00:00,2923,31,2923,88,2921,98,2922,5
27/09/2018 14:30:00,2922,49,2922,5,2919,34,2920,38
27/09/2018 15:00:00,2920,4,2920,94,2917,4,2917,54
27/09/2018 15:30:00,2917,53,2918,8,2914,92,2915,17
27/09/2018 16:00:00,2915,18,2917,01,2912,34,2914,27
28/09/2018 10:00:00,2910,03,2912,06,2907,5,2911,91
28/09/2018 10:30:00,2911,89,2914,93,2909,94,2914,86
28/09/2018 11:00:00,2914,85,2918,93,2913,66,2917,79
28/09/2018 11:30:00,2917,83,2920,53,2917,72,2918,93
28/09/2018 12:00:00,2918,95,2919,72,2916,6,2916,86
28/09/2018 12:30:00,2916,85,2918,38,2916,24,2916,59
28/09/2018 13:00:00,2916,58,2917,44,2911,15,2915,03
28/09/2018 13:30:00,2915,05,2917,01,2913,74,2916,9
28/09/2018 14:00:00,2916,87,2919,01,2916,69,2916,73
28/09/2018 14:30:00,2916,71,2916,75,2912,86,2915,59
28/09/2018 15:00:00,2915,61,2916,27,2913,23,2913,65
28/09/2018 15:30:00,2913,64,2915,74,2912,49,2914,56
28/09/2018 16:00:00,2914,57,2915,11,2911,23,2914,09
01/10/2018 10:00:00,2926,29,2934,31,2926,29,2933,88
01/10/2018 10:30:00,2934,19,2936,23,2933,32,2936,22
01/10/2018 11:00:00,2936,19,2937,06,2933,41,2934,78
01/10/2018 11:30:00,2934,77,2935,29,2933,22,2933,6
01/10/2018 12:00:00,2933,63,2935,2,2931,82,2933,07
01/10/2018 12:30:00,2933,05,2933,28,2927,66,2929,06
01/10/2018 13:00:00,2929,07,2929,45,2926,66,2927,62
01/10/2018 13:30:00,2927,61,2929,86,2927,14,2929,53
01/10/2018 14:00:00,2929,54,2930,61,2927,78,2928,2
01/10/2018 14:30:00,2928,24,2928,3,2925,38,2928,02
01/10/2018 15:00:00,2928,03,2928,19,2925,08,2927,64
01/10/2018 15:30:00,2927,63,2928,54,2921,41,2922,45
01/10/2018 16:00:00,2922,47,2925,24,2917,91,2924,96
02/10/2018 10:00:00,2923,8,2926,34,2921,59,2924,67
02/10/2018 10:30:00,2924,76,2924,88,2920,43,2922,94
02/10/2018 11:00:00,2922,92,2926,7,2919,37,2924,35
02/10/2018 11:30:00,2924,36,2926,98,2923,99,2925,03
02/10/2018 12:00:00,2925,02,2930,37,2924,98,2930,05
02/10/2018 12:30:00,2930,06,2931,42,2928,13,2929,09
02/10/2018 13:00:00,2929,1,2931,41,2926,38,2927,57
02/10/2018 13:30:00,2927,58,2929,66,2927,47,2928,71
02/10/2018 14:00:00,2928,72,2930,82,2928,72,2929,38
02/10/2018 14:30:00,2929,39,2931,07,2928,76,2930,53
02/10/2018 15:00:00,2930,54,2930,79,2925,79,2926,25
02/10/2018 15:30:00,2926,24,2926,25,2919,49,2921,4
02/10/2018 16:00:00,2921,56,2925,26,2921,56,2923,23
03/10/2018 10:00:00,2931,69,2937,18,2931,69,2933,22
03/10/2018 10:30:00,2933,32,2939,86,2933,22,2937,36
03/10/2018 11:00:00,2937,04,2937,55,2934,11,2934,48
03/10/2018 11:30:00,2934,52,2935,59,2931,77,2935,51
03/10/2018 12:00:00,2935,61,2936,8,2931,83,2936,8
03/10/2018 12:30:00,2936,85,2937,69,2934,7,2937,1
03/10/2018 13:00:00,2937,09,2937,34,2934,03,2935,92
03/10/2018 13:30:00,2935,93,2937,23,2934,69,2936,06
03/10/2018 14:00:00,2936,07,2936,51,2934,52,2935,82
03/10/2018 14:30:00,2935,83,2937,37,2934,4,2935,11
03/10/2018 15:00:00,2935,1,2935,16,2924,17,2926,95
03/10/2018 15:30:00,2926,88,2928,04,2921,36,2923,74
03/10/2018 16:00:00,2923,76,2927,33,2923,54,2925,02
04/10/2018 10:00:00,2919,35,2919,78,2913,36,2914,45
04/10/2018 10:30:00,2914,24,2914,24,2901,65,2903,85
04/10/2018 11:00:00,2903,81,2907,02,2901,59,2903,79
04/10/2018 11:30:00,2903,81,2908,7,2903,54,2903,96
04/10/2018 12:00:00,2904,05,2905,27,2898,96,2899,22
04/10/2018 12:30:00,2899,18,2900,03,2890,17,2893,77
04/10/2018 13:00:00,2893,71,2900,03,2893,26,2894,81
04/10/2018 13:30:00,2894,85,2895,29,2887,75,2890,97
04/10/2018 14:00:00,2890,99,2892,21,2886,59,2888,4
04/10/2018 14:30:00,2888,42,2890,72,2883,92,2887,65
04/10/2018 15:00:00,2887,67,2898,46,2886,63,2897,95
04/10/2018 15:30:00,2897,94,2901,29,2895,77,2895,77
04/10/2018 16:00:00,2895,76,2903,72,2893,68,2900,91
05/10/2018 10:00:00,2902,54,2909,64,2901,15,2901,63
05/10/2018 10:30:00,2901,37,2905,5,2898,75,2904,33
05/10/2018 11:00:00,2904,34,2904,47,2895,71,2897,57
05/10/2018 11:30:00,2897,51,2897,57,2887,77,2888,55
05/10/2018 12:00:00,2888,62,2889,94,2877,29,2877,34
05/10/2018 12:30:00,2877,29,2882,58,2876,82,2880,41
05/10/2018 13:00:00,2880,34,2880,34,2873,43,2876,49
05/10/2018 13:30:00,2876,53,2876,53,2869,47,2870,88
05/10/2018 14:00:00,2870,98,2880,74,2869,29,2879,62
05/10/2018 14:30:00,2879,61,2883,99,2877,36,2883,87
05/10/2018 15:00:00,2883,86,2887,65,2882,62,2886,68
05/10/2018 15:30:00,2886,52,2890,13,2884,61,2886,29
05/10/2018 16:00:00,2886,3,2890,42,2881,62,2884,99
08/10/2018 10:00:00,2877,53,2886,86,2873,85,2884,33
08/10/2018 10:30:00,2884,41,2888,87,2883,81,2887,36
08/10/2018 11:00:00,2887,41,2887,64,2881,14,2882,86
08/10/2018 11:30:00,2882,85,2882,85,2876,33,2876,54
08/10/2018 12:00:00,2876,5,2876,6,2862,08,2868,66
08/10/2018 12:30:00,2868,3,2872,34,2865,09,2872,17
08/10/2018 13:00:00,2872,14,2872,24,2863,06,2863,09
08/10/2018 13:30:00,2863,07,2870,9,2862,66,2865
08/10/2018 14:00:00,2864,97,2873,72,2864,85,2871,11
08/10/2018 14:30:00,2870,97,2881,38,2870,49,2879,51
08/10/2018 15:00:00,2879,53,2886,4,2879,53,2883,16
08/10/2018 15:30:00,2883,17,2888,4,2882,57,2884,69
08/10/2018 16:00:00,2885,69,2889,45,2884,59,2884,99
09/10/2018 10:00:00,2882,51,2885,01,2874,27,2884,94
09/10/2018 10:30:00,2884,95,2891,63,2881,26,2891,05
09/10/2018 11:00:00,2891,04,2894,83,2886,65,2886,85
09/10/2018 11:30:00,2886,5,2890,85,2881,75,2889,82
09/10/2018 12:00:00,2889,79,2891,98,2887,01,2891,32
09/10/2018 12:30:00,2891,34,2893,54,2884,78,2885,28
09/10/2018 13:00:00,2885,27,2887,27,2878,51,2880,61
09/10/2018 13:30:00,2880,44,2885,36,2876,7,2883,48
09/10/2018 14:00:00,2883,46,2884,49,2877,75,2883,44
09/10/2018 14:30:00,2883,32,2885,76,2880,08,2884,69
09/10/2018 15:00:00,2884,7,2888,12,2881,42,2887,24
09/10/2018 15:30:00,2887,19,2887,64,2879,87,2881,17
09/10/2018 16:00:00,2881,19,2886,02,2880,15,2880,69
10/10/2018 10:00:00,2873,9,2874,02,2851,96,2853,04
10/10/2018 10:30:00,2853,19,2856,32,2846,06,2853,44
10/10/2018 11:00:00,2853,31,2855,62,2845,78,2848,46
10/10/2018 11:30:00,2848,56,2849,33,2833,08,2841,12
10/10/2018 12:00:00,2841,17,2843,24,2833,81,2837,4
10/10/2018 12:30:00,2837,31,2844,69,2833,52,2838,83
10/10/2018 13:00:00,2838,79,2841,65,2834,89,2836,36
10/10/2018 13:30:00,2836,4,2843,89,2829,53,2839,64
10/10/2018 14:00:00,2839,6,2841,42,2833,1,2834,49
10/10/2018 14:30:00,2834,53,2835,34,2822,85,2826,12
10/10/2018 15:00:00,2825,93,2829,17,2816,66,2822,4
10/10/2018 15:30:00,2822,37,2822,37,2806,56,2816,05
10/10/2018 16:00:00,2816,01,2816,15,2784,86,2786,57
11/10/2018 10:00:00,2776,87,2795,14,2767,85,2794,09
11/10/2018 10:30:00,2793,88,2793,88,2772,23,2777,77
11/10/2018 11:00:00,2778,32,2783,19,2763,54,2763,94
11/10/2018 11:30:00,2763,9,2764,67,2745,46,2757,94
11/10/2018 12:00:00,2758,23,2774,24,2751,38,2766,95
11/10/2018 12:30:00,2767,01,2784,11,2764,65,2778,9
11/10/2018 13:00:00,2777,75,2778,45,2766,38,2770,09
11/10/2018 13:30:00,2770,08,2774,78,2761,57,2769,86
11/10/2018 14:00:00,2769,88,2772,96,2755,57,2765,72
11/10/2018 14:30:00,2765,74,2766,9,2749,58,2751,84
11/10/2018 15:00:00,2751,67,2751,81,2710,51,2731,27
11/10/2018 15:30:00,2731,32,2762,09,2726,74,2752,91
11/10/2018 16:00:00,2752,89,2757,58,2728,26,2728,26
12/10/2018 10:00:00,2770,54,2773,72,2763,18,2772,44
12/10/2018 10:30:00,2772,58,2775,19,2757,73,2757,73
12/10/2018 11:00:00,2757,27,2771,94,2757,11,2766,88
12/10/2018 11:30:00,2766,87,2770,45,2759,68,2761,97
12/10/2018 12:00:00,2761,98,2764,14,2748,34,2754,91
12/10/2018 12:30:00,2754,83,2754,83,2741,82,2744,84
12/10/2018 13:00:00,2744,82,2747,24,2729,44,2741,1
12/10/2018 13:30:00,2741,13,2752,57,2737,59,2744,03
12/10/2018 14:00:00,2744,01,2749,65,2734,77,2744,39
12/10/2018 14:30:00,2744,41,2745,49,2732,66,2745,47
12/10/2018 15:00:00,2745,5,2751,4,2736,14,2749,58
12/10/2018 15:30:00,2750,05,2764,38,2745,15,2763,07
12/10/2018 16:00:00,2763,13,2775,77,2758,64,2766,48
15/10/2018 10:00:00,2763,83,2767,45,2757,55,2758,92
15/10/2018 10:30:00,2758,39,2759,51,2749,03,2756,94
15/10/2018 11:00:00,2756,68,2762,52,2755,61,2761,33
15/10/2018 11:30:00,2761,35,2771,61,2760,53,2771,17
15/10/2018 12:00:00,2771,32,2772,17,2757,35,2757,95
15/10/2018 12:30:00,2757,98,2761,03,2752,44,2760,24
15/10/2018 13:00:00,2760,26,2765,88,2759,47,2763,1
15/10/2018 13:30:00,2763,12,2769,85,2762,63,2764,08
15/10/2018 14:00:00,2764,03,2773,74,2763,11,2771,16
15/10/2018 14:30:00,2771,17,2771,91,2760,5,2760,88
15/10/2018 15:00:00,2760,99,2775,99,2759,66,2773,02
15/10/2018 15:30:00,2773,06,2775,05,2761,19,2762,4
15/10/2018 16:00:00,2762,33,2764,07,2750,69,2750,69
16/10/2018 10:00:00,2767,05,2775,34,2766,91,2775,33
16/10/2018 10:30:00,2775,53,2780,68,2774,6,2774,67
16/10/2018 11:00:00,2774,66,2786,44,2772,84,2786,38
16/10/2018 11:30:00,2786,37,2791,48,2783,62,2791,42
16/10/2018 12:00:00,2791,41,2792,41,2788,29,2792,25
16/10/2018 12:30:00,2792,23,2793,91,2789,48,2791,65
16/10/2018 13:00:00,2791,66,2795,93,2790,41,2795,61
16/10/2018 13:30:00,2795,6,2797,08,2793,7,2797,08
16/10/2018 14:00:00,2797,07,2802,9,2796,97,2799,12
16/10/2018 14:30:00,2799,16,2804,32,2799,16,2804,21
16/10/2018 15:00:00,2804,25,2805,75,2800,25,2800,47
16/10/2018 15:30:00,2800,88,2805,04,2798,57,2801,55
16/10/2018 16:00:00,2801,53,2813,46,2800,38,2810,34
17/10/2018 10:00:00,2811,67,2811,67,2797,6,2797,77
17/10/2018 10:30:00,2797,67,2800,56,2791,32,2795,44
17/10/2018 11:00:00,2795,34,2796,32,2781,81,2788,06
17/10/2018 11:30:00,2788,02,2797,27,2783,93,2797,26
17/10/2018 12:00:00,2797,63,2808,1,2794,38,2808
17/10/2018 12:30:00,2808,02,2814,49,2805,79,2810,57
17/10/2018 13:00:00,2810,59,2815,22,2806,93,2812,22
17/10/2018 13:30:00,2812,41,2816,94,2811,45,2812,84
17/10/2018 14:00:00,2813,2816,21,2811,34,2813,36
17/10/2018 14:30:00,2813,37,2815,05,2798,2801,46
17/10/2018 15:00:00,2801,49,2815,02,2799,97,2812,42
17/10/2018 15:30:00,2812,43,2813,2806,2810,93
17/10/2018 16:00:00,2810,91,2811,56,2800,24,2809,07
18/10/2018 10:00:00,2802,2802,2790,49,2793,12
18/10/2018 10:30:00,2793,1,2798,33,2788,92,2797,09
18/10/2018 11:00:00,2797,11,2806,04,2796,01,2804,07
18/10/2018 11:30:00,2804,1,2805,07,2787,08,2787,3
18/10/2018 12:00:00,2787,7,2787,73,2766,77,2771,25
18/10/2018 12:30:00,2771,05,2779,63,2767,96,2777,26
18/10/2018 13:00:00,2777,28,2784,23,2774,28,2777,14
18/10/2018 13:30:00,2777,19,2778,73,2760,05,2762,6
18/10/2018 14:00:00,2762,59,2765,4,2755,18,2759,3
18/10/2018 14:30:00,2759,31,2771,26,2758,68,2767,82
18/10/2018 15:00:00,2767,81,2775,45,2764,5,2769,24
18/10/2018 15:30:00,2769,23,2772,37,2761,14,2769,98
18/10/2018 16:00:00,2769,93,2774,98,2764,38,2768,59
19/10/2018 10:00:00,2775,66,2792,83,2775,53,2789,52
19/10/2018 10:30:00,2789,69,2797,77,2789,26,2790,51
19/10/2018 11:00:00,2790,53,2795,32,2787,34,2792,08
19/10/2018 11:30:00,2792,6,2794,77,2784,43,2784,43
19/10/2018 12:00:00,2784,45,2785,71,2777,94,2784,92
19/10/2018 12:30:00,2784,9,2786,53,2769,36,2771,49
19/10/2018 13:00:00,2771,54,2775,76,2765,11,2774,44
19/10/2018 13:30:00,2774,17,2779,73,2767,43,2779,51
19/10/2018 14:00:00,2779,5,2780,81,2772,37,2772,6
19/10/2018 14:30:00,2772,59,2772,59,2760,27,2769,7
19/10/2018 15:00:00,2769,83,2774,21,2767,91,2769,65
19/10/2018 15:30:00,2770,01,2775,06,2764,23,2774,88
19/10/2018 16:00:00,2774,63,2776,01,2766,81,2767,23
22/10/2018 10:00:00,2773,94,2778,94,2756,11,2758,87
22/10/2018 10:30:00,2758,84,2759,63,2749,22,2751,49
22/10/2018 11:00:00,2751,45,2772,4,2749,42,2769,07
22/10/2018 11:30:00,2769,03,2770,25,2761,64,2764,85
22/10/2018 12:00:00,2764,86,2765,73,2754,61,2756,79
22/10/2018 12:30:00,2756,81,2762,87,2751,38,2754,59
22/10/2018 13:00:00,2754,63,2760,41,2752,8,2759,13
22/10/2018 13:30:00,2759,12,2764,26,2756,99,2758,43
22/10/2018 14:00:00,2758,4,2763,74,2756,05,2756,17
22/10/2018 14:30:00,2756,13,2759,9,2755,41,2755,77
22/10/2018 15:00:00,2755,75,2762,77,2754,81,2760,67
22/10/2018 15:30:00,2760,69,2766,05,2759,19,2762,52
22/10/2018 16:00:00,2762,74,2766,48,2755,66,2755,66
23/10/2018 10:00:00,2721,03,2721,28,2709,16,2711,6
23/10/2018 10:30:00,2711,66,2713,4,2691,43,2699,82
23/10/2018 11:00:00,2699,55,2709,16,2692,75,2704,51
23/10/2018 11:30:00,2704,49,2715,76,2700,23,2713,14
23/10/2018 12:00:00,2712,94,2714,09,2700,97,2700,97
23/10/2018 12:30:00,2700,96,2717,8,2700,87,2716,49
23/10/2018 13:00:00,2716,52,2723,23,2716,46,2718,41
23/10/2018 13:30:00,2718,35,2734,42,2717,48,2730,38
23/10/2018 14:00:00,2730,1,2733,39,2720,45,2721,65
23/10/2018 14:30:00,2721,62,2742,29,2721,58,2739,11
23/10/2018 15:00:00,2739,14,2750,16,2738,93,2748,7
23/10/2018 15:30:00,2748,46,2753,59,2745,56,2747,98
23/10/2018 16:00:00,2747,99,2750,93,2737,64,2741,08
24/10/2018 10:00:00,2737,87,2742,59,2730,48,2732,97
24/10/2018 10:30:00,2732,91,2735,61,2725,43,2726,59
24/10/2018 11:00:00,2726,74,2731,95,2719,73,2720,09
24/10/2018 11:30:00,2720,01,2721,72,2704,11,2706,23
24/10/2018 12:00:00,2706,19,2727,08,2703,33,2724,75
24/10/2018 12:30:00,2724,74,2725,97,2716,11,2718,97
24/10/2018 13:00:00,2718,99,2719,67,2708,16,2715,68
24/10/2018 13:30:00,2715,53,2715,53,2699,05,2702,23
24/10/2018 14:00:00,2702,2,2707,62,2696,78,2699,74
24/10/2018 14:30:00,2699,75,2707,28,2691,91,2706,26
24/10/2018 15:00:00,2706,28,2710,2,2694,33,2696,69
24/10/2018 15:30:00,2696,77,2696,77,2675,76,2676,41
24/10/2018 16:00:00,2676,4,2682,93,2651,89,2655,29
25/10/2018 10:00:00,2674,88,2687,84,2667,84,2686,33
25/10/2018 10:30:00,2686,38,2696,57,2683,03,2691,73
25/10/2018 11:00:00,2691,8,2698,93,2690,28,2691,91
25/10/2018 11:30:00,2691,96,2704,48,2684,89,2703,61
25/10/2018 12:00:00,2703,63,2705,4,2696,85,2699,62
25/10/2018 12:30:00,2699,51,2701,31,2691,67,2694,72
25/10/2018 13:00:00,2694,63,2702,72,2693,42,2700,56
25/10/2018 13:30:00,2700,6,2702,44,2692,66,2699,39
25/10/2018 14:00:00,2699,37,2707,13,2698,46,2702,84
25/10/2018 14:30:00,2702,88,2713,45,2700,34,2712,35
25/10/2018 15:00:00,2712,26,2722,56,2711,9,2717,67
25/10/2018 15:30:00,2717,7,2722,7,2715,7,2718,36
25/10/2018 16:00:00,2718,45,2720,93,2700,92,2706,56
26/10/2018 10:00:00,2667,86,2671,83,2655,91,2663,45
26/10/2018 10:30:00,2662,83,2662,83,2638,92,2648,78
26/10/2018 11:00:00,2648,79,2648,79,2628,16,2629,21
26/10/2018 11:30:00,2629,31,2657,45,2628,28,2655,12
26/10/2018 12:00:00,2655,15,2665,96,2652,44,2657,96
26/10/2018 12:30:00,2657,82,2673,46,2657,76,2670,91
26/10/2018 13:00:00,2670,95,2687,98,2668,96,2680,49
26/10/2018 13:30:00,2680,45,2692,38,2676,5,2676,79
26/10/2018 14:00:00,2676,8,2680,61,2664,79,2678,92
26/10/2018 14:30:00,2678,12,2680,44,2660,48,2668,23
26/10/2018 15:00:00,2668,1,2674,48,2646,67,2648,98
26/10/2018 15:30:00,2649,28,2662,74,2641,82,2657,51
26/10/2018 16:00:00,2657,46,2672,11,2647,38,2658,12
29/10/2018 10:00:00,2682,65,2696,97,2682,65,2695,3
29/10/2018 10:30:00,2695,29,2706,85,2695,29,2702,37
29/10/2018 11:00:00,2702,26,2704,05,2690,3,2695,69
29/10/2018 11:30:00,2695,8,2698,69,2682,99,2689,04
29/10/2018 12:00:00,2688,99,2693,99,2679,2679,11
29/10/2018 12:30:00,2678,87,2680,2666,46,2670,86
29/10/2018 13:00:00,2670,87,2680,2,2667,2,2671
29/10/2018 13:30:00,2670,96,2683,03,2670,79,2673,14
29/10/2018 14:00:00,2673,2,2682,69,2672,5,2674,67
29/10/2018 14:30:00,2674,63,2674,63,2657,21,2657,21
29/10/2018 15:00:00,2657,2,2662,54,2647,23,2649,98
29/10/2018 15:30:00,2649,93,2650,37,2625,04,2629,88
29/10/2018 16:00:00,2629,55,2642,2,2603,54,2641,81
30/10/2018 10:00:00,2640,68,2673,82,2635,34,2670,88
30/10/2018 10:30:00,2670,86,2672,81,2660,66,2662,72
30/10/2018 11:00:00,2662,75,2665,66,2646,44,2649,64
30/10/2018 11:30:00,2649,95,2663,65,2646,04,2662,13
30/10/2018 12:00:00,2662,57,2672,55,2659,51,2659,84
30/10/2018 12:30:00,2659,86,2666,91,2657,15,2662,72
30/10/2018 13:00:00,2662,68,2663,86,2651,3,2651,71
30/10/2018 13:30:00,2651,68,2654,81,2644,18,2646,12
30/10/2018 14:00:00,2645,99,2658,6,2640,54,2657,65
30/10/2018 14:30:00,2657,71,2659,67,2645,83,2650,7
30/10/2018 15:00:00,2650,93,2670,01,2647,61,2667,16
30/10/2018 15:30:00,2667,17,2678,08,2659,38,2675,35
30/10/2018 16:00:00,2675,34,2685,43,2672,45,2683,07
31/10/2018 10:00:00,2705,6,2720,75,2705,6,2720,07
31/10/2018 10:30:00,2720,08,2726,64,2715,8,2724,58
31/10/2018 11:00:00,2725,08,2729,12,2719,1,2719,23
31/10/2018 11:30:00,2719,83,2724,44,2714,02,2723,12
31/10/2018 12:00:00,2723,11,2723,74,2713,1,2717,12
31/10/2018 12:30:00,2716,87,2718,69,2708,62,2715,67
31/10/2018 13:00:00,2715,7,2726,58,2714,45,2724,65
31/10/2018 13:30:00,2724,63,2731,53,2723,67,2726,73
31/10/2018 14:00:00,2726,72,2731,84,2722,83,2728,5
31/10/2018 14:30:00,2728,53,2736,36,2725,64,2733,72
31/10/2018 15:00:00,2733,7,2734,98,2728,88,2733,24
31/10/2018 15:30:00,2733,2,2736,69,2724,92,2729,01
31/10/2018 16:00:00,2728,89,2729,38,2710,55,2711,37
01/11/2018 10:00:00,2717,58,2726,7,2712,85,2717,71
01/11/2018 10:30:00,2717,52,2725,44,2708,85,2722,77
01/11/2018 11:00:00,2722,79,2732,31,2722,33,2730,68
01/11/2018 11:30:00,2730,69,2734,64,2725,54,2733,99
01/11/2018 12:00:00,2733,72,2735,06,2729,02,2729,82
01/11/2018 12:30:00,2729,83,2733,43,2726,44,2729,28
01/11/2018 13:00:00,2729,15,2735,2,2728,08,2735,17
01/11/2018 13:30:00,2735,16,2736,77,2730,2736,4
01/11/2018 14:00:00,2736,41,2737,16,2731,51,2732,98
01/11/2018 14:30:00,2732,96,2736,13,2729,2,2734,35
01/11/2018 15:00:00,2734,33,2736,51,2730,53,2735,69
01/11/2018 15:30:00,2735,75,2737,48,2732,48,2737,11
01/11/2018 16:00:00,2736,37,2741,67,2734,17,2740,52
02/11/2018 10:00:00,2745,45,2756,55,2745,45,2748,22
02/11/2018 10:30:00,2748,28,2748,94,2735,2,2735,2
02/11/2018 11:00:00,2735,08,2736,29,2722,86,2732,8
02/11/2018 11:30:00,2732,96,2733,58,2718,09,2722,56
02/11/2018 12:00:00,2722,59,2726,02,2716,36,2723,41
02/11/2018 12:30:00,2723,51,2724,83,2716,76,2720,96
02/11/2018 13:00:00,2720,94,2721,72,2702,42,2706,05
02/11/2018 13:30:00,2706,04,2714,7,2700,44,2712,65
02/11/2018 14:00:00,2712,62,2718,2709,74,2713,47
02/11/2018 14:30:00,2713,49,2727,67,2704,91,2726,47
02/11/2018 15:00:00,2726,35,2726,4,2715,95,2719,34
02/11/2018 15:30:00,2719,32,2725,28,2712,86,2721,31
02/11/2018 16:00:00,2721,33,2725,05,2716,63,2721,28
05/11/2018 10:00:00,2726,37,2733,78,2725,16,2725,46
05/11/2018 10:30:00,2725,57,2726,34,2717,94,2722,06
05/11/2018 11:00:00,2722,65,2733,35,2722,45,2733,02
05/11/2018 11:30:00,2732,94,2734,28,2727,58,2727,72
05/11/2018 12:00:00,2727,73,2732,3,2725,21,2731,73
05/11/2018 12:30:00,2731,71,2732,3,2727,47,2729,5
05/11/2018 13:00:00,2729,48,2730,26,2724,98,2727,02
05/11/2018 13:30:00,2727,2729,8,2726,05,2728,95
05/11/2018 14:00:00,2728,96,2734,23,2728,28,2733,06
05/11/2018 14:30:00,2733,07,2740,78,2730,99,2740,68
05/11/2018 15:00:00,2740,64,2744,27,2738,02,2741,69
05/11/2018 15:30:00,2741,7,2743,53,2733,71,2737,33
05/11/2018 16:00:00,2737,35,2740,48,2734,55,2738
06/11/2018 10:00:00,2738,4,2752,07,2737,08,2750,04
06/11/2018 10:30:00,2750,11,2750,43,2745,99,2747,44
06/11/2018 11:00:00,2747,16,2749,18,2742,8,2747,7
06/11/2018 11:30:00,2747,79,2751,47,2744,57,2746,68
06/11/2018 12:00:00,2746,56,2748,99,2743,61,2747,68
06/11/2018 12:30:00,2747,76,2751,18,2746,68,2749,49
06/11/2018 13:00:00,2749,52,2753,85,2749,31,2751,27
06/11/2018 13:30:00,2751,26,2753,25,2750,23,2750,33
06/11/2018 14:00:00,2750,32,2752,38,2749,56,2751,42
06/11/2018 14:30:00,2751,4,2751,62,2739,14,2740,36
06/11/2018 15:00:00,2740,45,2745,62,2738,93,2743,7
06/11/2018 15:30:00,2743,72,2749,44,2741,75,2747,89
06/11/2018 16:00:00,2747,87,2756,82,2744,5,2755,68
07/11/2018 10:00:00,2774,13,2787,97,2774,13,2778,29
07/11/2018 10:30:00,2778,27,2784,35,2775,41,2784,15
07/11/2018 11:00:00,2784,01,2793,07,2783,94,2789,76
07/11/2018 11:30:00,2789,74,2793,26,2787,82,2788,86
07/11/2018 12:00:00,2788,84,2798,33,2788,84,2798
07/11/2018 12:30:00,2797,99,2798,93,2795,88,2795,88
07/11/2018 13:00:00,2795,72,2800,42,2795,4,2799,4
07/11/2018 13:30:00,2799,43,2801,46,2798,65,2800,57
07/11/2018 14:00:00,2800,58,2801,3,2794,37,2796,64
07/11/2018 14:30:00,2796,59,2804,32,2796,42,2803,93
07/11/2018 15:00:00,2803,92,2807,85,2802,43,2804,75
07/11/2018 15:30:00,2804,71,2810,76,2804,24,2810,47
07/11/2018 16:00:00,2810,44,2815,15,2807,7,2813,81
08/11/2018 10:00:00,2806,38,2812,3,2803,63,2811,71
08/11/2018 10:30:00,2811,81,2812,55,2803,99,2805,79
08/11/2018 11:00:00,2805,74,2810,51,2805,06,2809,59
08/11/2018 11:30:00,2809,66,2812,19,2806,86,2809,57
08/11/2018 12:00:00,2809,65,2813,86,2809,51,2812,04
08/11/2018 12:30:00,2812,1,2814,75,2811,05,2811,62
08/11/2018 13:00:00,2811,59,2813,35,2809,25,2809,27
08/11/2018 13:30:00,2809,25,2810,26,2804,75,2804,75
08/11/2018 14:00:00,2804,74,2807,97,2803,92,2807,97
08/11/2018 14:30:00,2807,91,2811,82,2801,17,2802,49
08/11/2018 15:00:00,2802,52,2803,01,2794,99,2800,89
08/11/2018 15:30:00,2800,9,2804,8,2797,43,2800,06
08/11/2018 16:00:00,2799,85,2806,79,2796,39,2806,79
09/11/2018 10:00:00,2791,5,2793,87,2783,28,2786,04
09/11/2018 10:30:00,2786,16,2787,97,2777,68,2785,18
09/11/2018 11:00:00,2785,22,2787,69,2779,62,2781,64
09/11/2018 11:30:00,2781,85,2784,98,2776,83,2782,55
09/11/2018 12:00:00,2782,56,2784,61,2772,33,2773,59
09/11/2018 12:30:00,2773,57,2777,55,2770,49,2773,64
09/11/2018 13:00:00,2773,68,2779,29,2772,77,2775,26
09/11/2018 13:30:00,2775,25,2776,62,2771,3,2773,51
09/11/2018 14:00:00,2773,46,2773,46,2767,67,2769,75
09/11/2018 14:30:00,2769,7,2773,1,2764,24,2765,88
09/11/2018 15:00:00,2765,6,2781,8,2765,52,2777,74
09/11/2018 15:30:00,2777,69,2787,43,2776,49,2784,74
09/11/2018 16:00:00,2784,7,2790,17,2780,71,2780,71
12/11/2018 10:00:00,2774,86,2775,99,2757,38,2758,38
12/11/2018 10:30:00,2758,17,2760,96,2753,16,2759,58
12/11/2018 11:00:00,2759,65,2759,66,2746,12,2746,62
12/11/2018 11:30:00,2746,59,2747,26,2735,1,2735,1
12/11/2018 12:00:00,2734,99,2743,26,2732,98,2742,6
12/11/2018 12:30:00,2742,72,2748,1,2741,87,2743,94
12/11/2018 13:00:00,2743,97,2745,41,2739,19,2739,19
12/11/2018 13:30:00,2739,15,2740,73,2733,94,2738,92
12/11/2018 14:00:00,2738,94,2745,18,2732,31,2741,87
12/11/2018 14:30:00,2741,84,2751,1,2740,26,2743,29
12/11/2018 15:00:00,2743,31,2749,83,2738,5,2738,67
12/11/2018 15:30:00,2738,65,2743,11,2731,46,2739,65
12/11/2018 16:00:00,2739,63,2739,64,2722,2726,16